0.00155157
0.00488085
-0.00155157
-0.00658128
-0.00058971
0.00853934
0.00407358
-0.0154699
-0.0142332
0.0170873
0.0298634
-0.00729981
-0.0482303
-0.0145882
0.0727032
0.0735019
-0.109414
-0.377993
-0.506727
-0.425522
-0.27163
-0.144926
0.0671411
0.47516
0.842864
0.760855
0.203596
-0.364624
-0.562028
-0.498434
-0.409711
-0.253741
0.0707108
0.281432
-0.0384571
-0.739101
-1.07388
-0.613224
0.111074
0.313849
0.000498105
-0.115308
0.305421
0.685303
0.37949
-0.397802
-0.790495
-0.320298
0.583558
1.07391
0.724373
-0.148252
-0.821257
-0.819854
-0.314267
0.0343406
-0.196099
-0.703243
-0.84364
-0.392652
0.224888
0.511072
0.455909
0.340457
0.307328
0.320393
0.368185
0.465439
0.551379
0.574773
0.603528
0.666836
0.538763
-0.0768369
-1.04844
-1.7289
-1.58733
-0.803883
-0.100073
0.00717385
-0.31794
-0.540103
-0.344227
0.0727977
0.220454
-0.158538
-0.729818
-0.842475
-0.28108
0.40394
0.530493
0.0991772
-0.273603
-0.238028
-0.126725
-0.339833
-0.681925
-0.628213
-0.0577143
0.55571
0.706172
0.399214
0.039273
-0.0204366
0.233685
0.55841
0.662571
0.423403
-0.0521979
-0.558289
-0.978526
-1.25777
-1.26098
-0.812506
-0.0598212
0.498668
0.488137
0.0608289
-0.260028
-0.159405
0.17142
0.284575
-0.0996324
-0.777902
-1.1575
-0.740862
0.28288
1.05699
0.880918
0.0560682
-0.419871
-0.0640322
0.548445
0.644885
0.282176
0.0876435
0.21113
0.167077
-0.251153
-0.549146
-0.293681
0.151381
0.128932
-0.251786
-0.175121
0.655672
1.40602
1.10227
-0.0719847
-0.952974
-0.845905
-0.289619
-0.26573
-0.971656
-1.60879
-1.34442
-0.244844
0.820513
1.04307
0.408254
-0.407092
-0.685824
-0.265561
0.411357
0.739771
0.571861
0.312289
0.399932
0.763855
0.892678
0.449491
-0.315349
-0.829155
-0.769918
-0.253029
0.388908
0.883325
1.08824
0.917832
0.360024
-0.412897
-1.02487
-1.13585
-0.835118
-0.552664
-0.540117
-0.491203
0.0240722
0.743395
0.784746
-0.131036
-0.979608
-0.577996
0.752284
1.44145
0.70659
-0.401976
-0.517428
0.197164
0.484246
-0.0855852
-0.591496
-0.296764
0.245915
0.111581
-0.58373
-0.930946
-0.571904
-0.110865
-0.15045
-0.506352
-0.609079
-0.31873
0.0320791
0.155194
0.0927305
-0.0361011
-0.216109
-0.378096
-0.361246
-0.0786948
0.281813
0.458402
0.445595
0.463189
0.578448
0.618823
0.468877
0.267914
0.209705
0.260549
0.186889
-0.069268
-0.283774
-0.17618
0.236872
0.64202
0.711557
0.420927
0.0682861
0.00303729
0.288288
0.545447
0.303314
-0.428192
-1.03026
-0.924141
-0.235211
0.336707
0.306306
-0.100749
-0.304952
-0.1171
0.0563345
-0.232085
-0.862213
-1.15013
-0.546381
0.698849
1.62641
1.49769
0.552873
-0.237547
-0.218405
0.33126
0.771329
0.949525
1.19191
1.58845
1.65251
0.969492
-0.13342
-0.751044
-0.34486
0.680975
1.39719
1.28457
0.669286
0.26494
0.37529
0.69491
0.815626
0.696284
0.568904
0.523522
0.410347
0.131606
-0.184396
-0.410215
-0.64206
-0.997832
-1.2975
-1.21678
-0.77327
-0.375777
-0.292342
-0.293578
-0.0709599
0.233422
0.182647
-0.2248
-0.431659
-0.120075
0.273107
0.117364
-0.526917
-0.892446
-0.430093
0.568483
1.27398
1.1223
0.304411
-0.476646
-0.658821
-0.275111
0.222561
0.523247
0.728117
0.967419
1.01497
0.490553
-0.479824
-1.14716
-0.903075
0.0123095
0.802807
0.989874
0.77169
0.529774
0.308478
0.0248079
-0.171723
-0.0974195
0.0606628
-0.0910701
-0.561475
-0.784288
-0.29594
0.609185
1.10582
0.742027
-0.11019
-0.633446
-0.419885
0.177365
0.516368
0.388147
0.186566
0.388819
0.986104
1.48918
1.42095
0.753071
-0.0614644
-0.452379
-0.190193
0.363084
0.583695
0.230757
-0.30391
-0.476039
-0.27165
-0.199236
-0.506289
-0.731841
-0.342204
0.407658
0.706779
0.266566
-0.258837
-0.126547
0.594665
1.2336
1.33849
1.07192
0.813513
0.77266
0.936806
1.16161
1.1884
0.866396
0.374429
0.0539012
-0.0255608
-0.105647
-0.330936
-0.431353
-0.0719847
0.592581
1.00355
0.824615
0.348181
0.141888
0.365566
0.611372
0.43897
-0.0416891
-0.281575
0.021596
0.533218
0.642374
0.157029
-0.512819
-0.731738
-0.223366
0.616416
1.04949
0.664574
-0.2221
-0.785345
-0.476105
0.37312
0.852503
0.446084
-0.439929
-1.00743
-0.92141
-0.492416
-0.115577
0.103314
0.190828
0.0719188
-0.282594
-0.597422
-0.478902
0.117358
0.742207
0.921654
0.648475
0.340277
0.371486
0.673042
0.830332
0.549051
-0.00688186
-0.357198
-0.186228
0.333945
0.675498
0.488148
-0.0518802
-0.422854
-0.265266
0.28031
0.673034
0.535906
0.0440765
-0.260446
-0.0236686
0.541603
0.861764
0.556248
-0.215187
-0.902786
-1.02755
-0.539602
0.203897
0.687547
0.558306
-0.120819
-0.883434
-1.23632
-1.13429
-0.983596
-1.09282
-1.24871
-1.07215
-0.693052
-0.640073
-1.01346
-1.22253
-0.830993
-0.259412
-0.200453
-0.620152
-0.870329
-0.677826
-0.4249
-0.387273
-0.240341
0.297686
0.842844
0.812512
0.320138
0.0991285
0.48753
0.97611
0.912963
0.313651
-0.260039
-0.40836
-0.215296
0.0116224
0.0816061
0.0726717
0.173111
0.362294
0.282002
-0.365397
-1.23748
-1.55703
-1.0872
-0.542559
-0.687012
-1.27384
-1.34835
-0.535892
0.45957
0.767862
0.383775
0.011923
0.0829401
0.275231
0.0365162
-0.654054
-1.17343
-0.934914
-0.0871797
0.654466
0.879653
0.873561
0.962115
0.923992
0.365234
-0.469172
-0.810771
-0.398157
0.155669
0.311828
0.359883
0.76143
1.15251
0.716068
-0.47555
-1.25955
-0.842947
0.143823
0.518816
0.00760039
-0.620836
-0.637107
-0.089092
0.475026
0.599635
0.202943
-0.369141
-0.545888
-0.050028
0.673028
0.898102
0.51038
0.0813857
-0.00142275
-0.120653
-0.758333
-1.5755
-1.65079
-0.684447
0.618918
1.38119
1.45857
1.24207
0.911901
0.354436
-0.286424
-0.477499
0.0558994
0.831912
1.03615
0.378411
-0.584145
-1.02129
-0.643039
0.0881845
0.448798
0.185312
-0.25693
-0.27599
0.238764
0.835255
1.07643
1.01934
0.988199
0.978429
0.601916
-0.267849
-1.1036
-1.34798
-1.10942
-0.950008
-1.01613
-0.873332
-0.262235
0.340907
0.368537
-0.0502685
-0.314158
-0.227559
-0.172782
-0.389661
-0.580166
-0.426712
-0.170435
-0.262355
-0.603187
-0.649531
-0.207292
0.221416
0.0657383
-0.58618
-1.11474
-1.1574
-0.937888
-0.827815
-0.782545
-0.469355
0.145919
0.597342
0.51644
0.155019
0.108799
0.46853
0.625817
0.13537
-0.487358
-0.302633
0.804679
1.76467
1.51642
0.190201
-1.09353
-1.47813
-1.09641
-0.609228
-0.390468
-0.273124
-0.00698778
0.334927
0.45716
0.21606
-0.155852
-0.275108
0.0416118
0.597917
1.00283
1.01337
0.707168
0.340328
0.0468247
-0.256017
-0.670858
-1.05004
-1.07907
-0.68206
-0.20398
-0.13669
-0.589799
-1.16716
-1.45114
-1.38541
-1.10516
-0.598607
0.233087
1.09841
1.38474
0.812872
-0.170795
-0.861197
-1.02281
-0.867083
-0.575096
-0.148346
0.240954
0.239273
-0.206759
-0.677691
-0.764642
-0.54442
-0.28057
0.097889
0.744134
1.29219
1.07072
0.138278
-0.43753
0.167314
1.32307
1.63655
0.742763
-0.271149
-0.345029
0.240396
0.499272
0.279328
0.328196
0.959166
1.42302
0.96257
-0.0296286
-0.489076
-0.0762071
0.527596
0.6837
0.555404
0.547783
0.545628
0.209118
-0.218347
-0.0598241
0.685607
1.03524
0.246713
-1.01966
-1.39423
-0.493292
0.605403
0.713117
-0.0251486
-0.443525
0.0699493
0.917311
1.17215
0.694475
0.107966
-0.0875633
-0.0156817
-0.00757176
-0.138928
-0.287229
-0.396858
-0.521097
-0.678484
-0.736173
-0.511988
-0.00908039
0.492892
0.583595
0.15852
-0.429518
-0.740638
-0.702977
-0.600056
-0.556308
-0.341196
0.199978
0.662239
0.469589
-0.324572
-0.965968
-0.844379
-0.139386
0.482746
0.632355
0.438049
0.216246
0.138888
0.26496
0.534349
0.661617
0.326236
-0.367658
-0.77704
-0.341877
0.6199
1.16745
0.848996
0.251337
0.184777
0.591946
0.583166
-0.308765
-1.36845
-1.46791
-0.444366
0.615405
0.592272
-0.410827
-1.2504
-1.08313
-0.248637
0.244472
-0.0649626
-0.625204
-0.657043
-0.206235
-0.00299149
-0.346045
-0.631639
-0.15812
0.856914
1.45385
1.03151
-0.051717
-0.986994
-1.32655
-1.18667
-0.88575
-0.601985
-0.368823
-0.228722
-0.239477
-0.438673
-0.715504
-0.755899
-0.268161
0.542948
1.06088
0.913077
0.516809
0.596111
1.22431
1.67105
1.30445
0.378313
-0.325002
-0.381766
-0.0396995
0.28406
0.466778
0.59409
0.645835
0.533524
0.319236
0.121726
-0.0659788
-0.348172
-0.711751
-0.962332
-0.909021
-0.513274
0.163353
0.972967
1.58539
1.67376
1.27874
0.849635
0.743839
0.745459
0.499625
0.177846
0.331763
0.976829
1.36158
0.886325
-0.0380191
-0.50738
-0.24657
0.19597
0.353906
0.368729
0.548805
0.818188
0.869613
0.665768
0.439769
0.292579
0.107662
-0.141668
-0.316872
-0.342885
-0.257282
-0.107029
0.0717213
0.204314
0.223417
0.198698
0.176481
0.0196007
-0.418342
-0.87332
-0.852869
-0.365904
-0.0288786
-0.250864
-0.555799
-0.271945
0.381379
0.509618
-0.142149
-0.720995
-0.457257
0.210429
0.307488
-0.273471
-0.743349
-0.706933
-0.710091
-1.19461
-1.57329
-0.943636
0.493178
1.39507
0.841144
-0.588542
-1.50455
-1.21529
-0.241529
0.464471
0.508221
0.257008
0.217798
0.483385
0.721201
0.61797
0.239846
-0.0424391
0.0470508
0.376484
0.575279
0.438638
0.0871254
-0.2396
-0.379292
-0.26841
0.0420526
0.363287
0.459155
0.273079
0.0266142
-0.0599901
-0.103546
-0.387812
-0.898386
-1.2654
-1.22468
-0.930791
-0.626678
-0.201967
0.534309
1.20136
1.0471
-0.0196952
-1.01993
-0.900951
0.194928
1.09235
0.924788
0.0185816
-0.614312
-0.408197
0.329104
0.852809
0.655517
-0.10429
-0.753495
-0.76832
-0.351793
-0.159093
-0.433045
-0.690679
-0.476823
-0.105638
-0.217317
-0.787289
-1.08499
-0.662496
0.0294053
0.284767
0.069331
-0.0884966
0.052218
0.143486
-0.136512
-0.569382
-0.710157
-0.512761
-0.330432
-0.375674
-0.46164
-0.321398
0.0296687
0.414752
0.727287
0.945497
0.988082
0.781981
0.494704
0.42079
0.580466
0.61422
0.232709
-0.350385
-0.639781
-0.426043
-0.0419524
0.034269
-0.351407
-0.979794
-1.40176
-1.24828
-0.523977
0.303732
0.566809
0.0258385
-0.837205
-1.29876
-1.16681
-0.878233
-0.787569
-0.729262
-0.387291
0.131405
0.362749
0.0835785
-0.402609
-0.588797
-0.299427
0.185641
0.451812
0.375144
0.213996
0.282663
0.624646
0.952925
0.98866
0.741091
0.509956
0.563476
0.836086
0.978615
0.662977
-0.0733874
-0.788027
-1.0312
