-31.9854
nan
-19.8576
-0.737665
7.60038
15.3816
21.3082
26.625
33.0878
38.6549
44.0048
51.0886
56.4068
59.2303
60.0691
60.5546
60.7205
60.7515
60.7658
60.7681
60.773
60.7738
60.7747
60.7749
60.7751
60.7751
60.7751
60.7752
60.7752
60.7752
60.7752
60.7752
60.7752
60.7752
60.7752
60.7752
60.7752
60.7752
60.7752
60.7752
60.7752
60.7752
60.7752
60.7752
60.7752
60.7752
60.7752
60.7752
60.7752
60.7752
60.7752
60.7752
60.7752
60.7752
60.7752
60.7752
60.7752
60.7752
60.7752
60.7752
60.7752
60.7752
60.7752
60.7752
