542
1705
-542
-2299
-206
2983
1423
-5404
-4972
5969
10432
-2550
-16848
-5096
25397
25676
-38221
-132042
-177012
-148645
-94887
-50626
23454
165985
294433
265785
71121
-127372
-196330
-174115
-143122
-88638
24701
98311
-13434
-258186
-375133
-214214
38801
109635
174
-40280
106691
239393
132565
-138962
-276139
-111888
203851
375144
253041
-51788
-286885
-286395
-109781
11996
-68502
-245660
-294704
-137163
78559
178530
159260
118930
107357
111921
128616
162589
192610
200782
210827
232942
188203
-26841
-366246
-603948
-554492
-280816
-34958
2506
-111064
-188671
-120247
25430
77010
-55381
-254943
-294297
-98188
141106
185314
34645
-95576
-83149
-44268
-118712
-238213
-219450
-20161
194123
246683
139455
13719
-7139
81632
195066
231452
147905
-18234
-195024
-341823
-439369
-440492
-283828
-20897
174197
170518
21249
-90834
-55684
59881
99409
-34804
-271740
-404344
-258801
98817
369232
307726
19586
-146671
-22368
191585
225274
98571
30616
73753
58364
-87734
-191830
-102590
52881
45039
-87955
-61174
229042
491157
385049
-25146
-332897
-295495
-101171
-92826
-339423
-561990
-469639
-85530
286625
364368
142613
-142207
-239575
-92767
143697
258420
199765
109090
139706
266833
311834
157018
-110159
-289644
-268951
-88389
135855
308567
380147
320621
125765
-144235
-358012
-396779
-291727
-193059
-188676
-171589
8409
259686
274131
-45774
-342201
-201908
262791
503534
246829
-140420
-180750
68874
169159
-29897
-206624
-103667
85904
38978
-203911
-325202
-199780
-38728
-52556
-176881
-212766
-111340
11206
54213
32393
-12611
-75492
-132078
-126192
-27490
98444
160131
155657
161803
202066
216170
163790
93589
73255
91016
65285
-24197
-99129
-61544
82745
224273
248564
147040
23854
1061
100706
190538
105955
-149578
-359894
-322825
-82165
117620
107000
-35194
-106527
-40906
19679
-81073
-301192
-401767
-190864
244125
568144
523181
193132
-82981
-76294
115717
269444
331692
416362
554883
577262
338667
-46607
-262358
-120468
237881
488073
448731
233798
92550
131098
242749
284918
243229
198732
182879
143344
45973
-64414
-143298
-224287
-348567
-453249
-425050
-270122
-131268
-102122
-102554
-24788
81540
63803
-78528
-150789
-41945
95403
40998
-184065
-311753
-150242
198585
445031
392046
106338
-166504
-230142
-96103
77746
182783
254349
337943
354553
171362
-167614
-400730
-315466
4300
280440
345787
269570
185063
107759
8666
-59987
-34031
21191
-31813
-196137
-273971
-103379
212803
386291
259208
-38492
-221278
-146676
61958
180380
135589
65172
135824
344470
520206
496371
263066
-21471
-158027
-66439
126834
203899
80609
-106163
-166292
-94894
-69598
-176859
-255650
-119540
142405
246895
93118
-90418
-44206
207731
430926
467566
374446
284180
269909
327249
405780
415136
302653
130797
18829
-8929
-36905
-115604
-150682
-25146
207003
350563
288058
121628
49565
127701
213567
153343
-14563
-98361
7544
186266
224397
54854
-179140
-255614
-78027
215329
366612
232152
-77585
-274340
-166315
130340
297800
155828
-153678
-351919
-321871
-172013
-40374
36090
66661
25123
-98717
-208694
-167292
40996
259271
321956
226528
118867
129769
235110
290055
191797
-2404
-124778
-65054
116655
235968
170522
-18123
-147713
-92664
97919
235107
187205
15397
-90980
-8268
189195
301035
194311
-75170
-315365
-358947
-188496
71226
240177
195030
-42205
-308605
-431875
-396234
-343594
-381749
-436204
-374527
-242100
-223593
-354027
-427061
-290286
-90619
-70023
-216634
-304027
-236781
-148428
-135284
-83957
103989
294426
283830
111832
34628
170306
340979
318920
109566
-90838
-142650
-75208
4060
28507
25386
60472
126558
98510
-127642
-432281
-543907
-379785
-189529
-239990
-444982
-471011
-187200
160539
268233
134062
4165
28973
96145
12756
-228477
-409909
-326588
-30454
228621
307284
305156
336090
322773
127585
-163893
-283222
-139086
54379
108929
125716
265986
402598
250140
-166121
-439993
-294462
50241
181235
2655
-216873
-222557
-31122
165938
209467
70893
-128950
-190692
-17476
235105
313729
178288
28430
-497
-42147
-264904
-550359
-576662
-239094
216203
482482
509513
433884
318549
123813
-100055
-166802
19527
290607
361953
132188
-204056
-356763
-224629
30805
156776
64734
-89752
-96410
83406
291775
376023
356079
345202
341789
210264
-93566
-385515
-470881
-387549
-331861
-354959
-305076
-91605
119087
128739
-17560
-109743
-79492
-60357
-136118
-202666
-149061
-59537
-91647
-210708
-226897
-72412
77346
22964
-204767
-389406
-404308
-327627
-289176
-273362
-163957
50973
208666
180405
54152
38006
163669
218613
47288
-170246
-105717
281094
616441
529721
66442
-381996
-516346
-383001
-212818
-136400
-95409
-2441
116998
159697
75475
-54443
-96102
14536
208867
350314
353994
247031
118885
16357
-89433
-234347
-366805
-376947
-238260
-71255
-47749
-206031
-407719
-506920
-483957
-386059
-209108
81423
383701
483723
283956
-59663
-300837
-357291
-302893
-200895
-51821
84171
83584
-72226
-236734
-267108
-190179
-98010
34195
259944
451394
374029
48304
-152840
58447
462180
571685
259465
-94719
-120527
83976
174408
97576
114647
335060
497096
336249
-10350
-170846
-26621
184302
238833
194016
191354
190601
73050
-76274
-20898
239499
361634
86183
-356191
-487037
-172319
211482
249109
-8785
-154934
24435
320439
409459
242597
37715
-30588
-5478
-2645
-48531
-100336
-138632
-182032
-237011
-257163
-178850
-3172
172179
203864
55375
-150041
-258723
-245567
-209614
-194332
-119188
69857
231336
164039
-113381
-337436
-294962
-48691
168635
220897
153021
75540
48517
92557
186661
231119
113962
-128432
-271439
-119426
216546
407819
296575
87798
64547
206781
203714
-107859
-478033
-512776
-155228
214976
206895
-143512
-436794
-378362
-86855
85400
-22693
-218399
-229521
-72043
-1045
-120882
-220647
-55235
299341
507865
360332
-18066
-344781
-463397
-414534
-309414
-210288
-128839
-79898
-83655
-153239
-249943
-264054
-93675
189665
370590
318960
180534
208236
427682
583740
455676
132154
-113531
-133360
-13868
99229
163057
207530
225606
186373
111517
42522
-23048
-121625
-248632
-336166
-317543
-179299
57063
339881
553815
584685
446696
296798
259841
260407
174531
62126
115893
341230
475634
309615
-13281
-177240
-86133
68457
123628
128806
191711
285813
303777
232569
153622
102205
37609
-49488
-110691
-119778
-89875
-37388
25054
71372
78045
69410
61649
6847
-146137
-305072
-297928
-127819
-10088
-87633
-194154
-94997
133225
178022
-49656
-251861
-159731
73508
107413
-95530
-259670
-246949
-248052
-417308
-549590
-329635
172279
487333
293832
-205592
-525577
-424531
-84372
162251
177534
89779
76082
168858
251933
215872
83784
-14825
16436
131515
200959
153227
30435
-83698
-132496
-93762
14690
126905
160394
95393
9297
-20956
-36171
-135472
-313828
-442034
-427809
-325148
-218914
-70552
186647
419663
365777
-6880
-356285
-314724
68093
381584
323051
6491
-214594
-142593
114964
297907
228988
-36431
-263214
-268393
-122890
-55575
-151273
-241271
-166566
-36902
-75914
-275019
-379012
-231426
10272
99476
24219
-30914
18241
50123
-47687
-198899
-248075
-179120
-115428
-131232
-161262
-112272
10364
144883
254059
330285
345161
273165
172812
146992
202771
214562
81291
-122398
-223491
-148827
-14655
11971
-122755
-342266
-489668
-436053
-183038
106101
198000
9026
-292456
-453690
-407595
-306788
-275117
-254749
-135290
45903
126717
29196
-140641
-205681
-104597
64849
157829
131047
74754
98741
218204
332880
345363
258881
178140
196836
292065
341854
231594
-25636
-275277
-360223
