0.00155157
0.00488085
-0.00155157
-0.00658128
-0.00058971
0.00853934
0.00407358
-0.0154699
-0.0142332
0.0170873
0.0298634
-0.00729981
-0.0482303
-0.0145882
0.0727032
0.0735019
-0.109414
-0.377993
-0.506727
-0.425522
-0.271636
-0.144926
0.0671325
0.475149
0.842853
0.760849
0.203593
-0.364633
-0.562045
-0.498457
-0.409728
-0.253761
0.0706908
0.28142
-0.0384743
-0.739121
-1.07391
-0.613247
0.111052
0.31382
0.000480929
-0.11534
0.305407
0.685283
0.379458
-0.397828
-0.790512
-0.32033
0.583527
1.07389
0.724353
-0.148272
-0.821271
-0.819869
-0.314284
0.034312
-0.196124
-0.703261
-0.843663
-0.392664
0.224868
0.511055
0.455889
0.340443
0.307296
0.320367
0.368159
0.465419
0.551347
0.574753
0.603517
0.666807
0.538734
-0.076857
-1.04845
-1.72893
-1.58735
-0.803901
-0.100099
0.00714522
-0.317965
-0.54012
-0.34425
0.0727748
0.22042
-0.158563
-0.72984
-0.842498
-0.281097
0.403923
0.530478
0.0991514
-0.273634
-0.238054
-0.126742
-0.339845
-0.681951
-0.628236
-0.0577315
0.55569
0.70614
0.399194
0.0392501
-0.0204681
0.233657
0.558375
0.662545
0.423392
-0.0522294
-0.558312
-0.978546
-1.2578
-1.261
-0.812532
-0.0598527
0.498648
0.48812
0.0607974
-0.260062
-0.159431
0.171402
0.284541
-0.0996524
-0.777919
-1.15753
-0.740885
0.282855
1.05697
0.880892
0.0560482
-0.419902
-0.0640665
0.548422
0.644856
0.282156
0.0876091
0.211099
0.167051
-0.251191
-0.549166
-0.293704
0.151355
0.128906
-0.251812
-0.175147
0.655652
1.406
1.10224
-0.0720133
-0.952997
-0.84593
-0.289642
-0.265759
-0.971685
-1.60881
-1.34444
-0.244867
0.820481
1.04303
0.408231
-0.407117
-0.685861
-0.265581
0.41134
0.739745
0.571844
0.31226
0.399906
0.763826
0.892663
0.449465
-0.315357
-0.829187
-0.769944
-0.253066
0.388885
0.8833
1.08821
0.917812
0.359989
-0.412932
-1.02489
-1.13588
-0.835141
-0.552678
-0.54014
-0.491231
0.0240493
0.743387
0.784724
-0.13107
-0.979634
-0.578025
0.752261
1.44143
0.70657
-0.401993
-0.517468
0.197146
0.484218
-0.0856139
-0.591516
-0.296784
0.245895
0.111561
-0.583758
-0.930963
-0.571927
-0.110897
-0.150471
-0.506378
-0.609102
-0.318767
0.0320533
0.155174
0.0927076
-0.0361298
-0.216129
-0.378121
-0.361269
-0.0787177
0.281793
0.458382
0.445566
0.463168
0.578414
0.618806
0.468862
0.267897
0.209673
0.260514
0.186875
-0.0692966
-0.283796
-0.176203
0.236849
0.641999
0.711528
0.420893
0.0682604
0.00301439
0.288259
0.545424
0.303277
-0.428212
-1.03029
-0.92417
-0.235237
0.336681
0.306286
-0.100777
-0.304969
-0.117118
0.0563144
-0.232102
-0.862239
-1.15015
-0.546403
0.698823
1.62639
1.49767
0.552847
-0.237562
-0.218427
0.331237
0.771301
0.949493
1.19188
1.58842
1.65249
0.969472
-0.133438
-0.751064
-0.344877
0.680952
1.39717
1.28454
0.669264
0.26492
0.375259
0.694887
0.815597
0.69627
0.568881
0.523494
0.410326
0.131574
-0.184427
-0.410243
-0.642088
-0.997852
-1.29752
-1.2168
-0.773293
-0.375808
-0.29237
-0.293601
-0.0709885
0.233388
0.182624
-0.224828
-0.431691
-0.1201
0.273079
0.117332
-0.526949
-0.892472
-0.430128
0.56846
1.27395
1.12228
0.304388
-0.476666
-0.658849
-0.275134
0.222524
0.523224
0.728089
0.967391
1.01494
0.49053
-0.479855
-1.14718
-0.903089
0.0122923
0.802784
0.98986
0.771673
0.529748
0.308458
0.0247907
-0.171743
-0.0974395
0.0606399
-0.0910987
-0.561504
-0.78432
-0.295966
0.609162
1.1058
0.742004
-0.110216
-0.633469
-0.419905
0.177342
0.516337
0.388124
0.18654
0.388811
0.98609
1.48915
1.42092
0.753045
-0.0614873
-0.452396
-0.190224
0.363061
0.583673
0.23074
-0.30393
-0.476056
-0.271667
-0.19927
-0.506312
-0.731867
-0.342224
0.407627
0.706759
0.266535
-0.258857
-0.126579
0.594645
1.23358
1.33847
1.0719
0.813502
0.77264
0.93678
1.1616
1.18838
0.866378
0.374414
0.0538754
-0.0255808
-0.105664
-0.330959
-0.431381
-0.0720105
0.592564
1.00352
0.824586
0.348164
0.141862
0.365549
0.611349
0.43895
-0.0417234
-0.281601
0.0215731
0.533192
0.64236
0.157003
-0.512842
-0.731764
-0.223383
0.616384
1.04946
0.66456
-0.222132
-0.785371
-0.476128
0.3731
0.852477
0.446058
-0.439949
-1.00745
-0.92143
-0.492445
-0.115612
0.103291
0.190811
0.0718931
-0.28262
-0.597439
-0.478933
0.117338
0.74219
0.921622
0.648455
0.340245
0.37146
0.673019
0.830317
0.549029
-0.00690762
-0.357227
-0.186254
0.333928
0.675476
0.488125
-0.0519117
-0.422888
-0.265292
0.280284
0.673005
0.535892
0.0440536
-0.260466
-0.0236886
0.541568
0.861744
0.556225
-0.215207
-0.902809
-1.02756
-0.539628
0.203871
0.687516
0.558278
-0.120845
-0.88346
-1.23634
-1.1343
-0.983622
-1.09286
-1.24873
-1.07218
-0.693069
-0.640102
-1.01349
-1.22255
-0.831019
-0.259441
-0.20047
-0.620172
-0.870355
-0.677846
-0.42492
-0.387305
-0.240364
0.29766
0.842819
0.812491
0.320115
0.0991028
0.487495
0.976084
0.912934
0.313634
-0.260068
-0.408386
-0.215316
0.0115995
0.0815775
0.072646
0.173088
0.362274
0.281979
-0.365417
-1.2375
-1.55705
-1.08722
-0.542593
-0.687026
-1.27385
-1.34837
-0.535923
0.459544
0.767837
0.383744
0.0118973
0.0829144
0.275197
0.0364933
-0.654083
-1.17346
-0.934939
-0.0872026
0.654446
0.879615
0.873526
0.962089
0.92397
0.365217
-0.469192
-0.810797
-0.398174
0.155646
0.311799
0.359866
0.761404
1.15249
0.71604
-0.475567
-1.25958
-0.842973
0.143809
0.51879
0.00757176
-0.620859
-0.637139
-0.0891178
0.474994
0.599615
0.202917
-0.369161
-0.545917
-0.0500566
0.672999
0.898082
0.510351
0.0813571
-0.00143992
-0.120673
-0.758347
-1.57552
-1.65081
-0.684473
0.618906
1.38116
1.45855
1.24205
0.911872
0.354421
-0.28645
-0.477528
0.0558736
0.831883
1.03613
0.378388
-0.584171
-1.02131
-0.643062
0.0881645
0.448778
0.185295
-0.256959
-0.276021
0.238747
0.835238
1.07641
1.01931
0.988176
0.978409
0.601891
-0.267874
-1.10361
-1.348
-1.10944
-0.950028
-1.01614
-0.873355
-0.262252
0.340872
0.36852
-0.0502857
-0.314184
-0.227582
-0.172811
-0.389684
-0.58018
-0.426747
-0.170461
-0.262378
-0.60321
-0.649551
-0.207317
0.221393
0.0657126
-0.586203
-1.11477
-1.15743
-0.937922
-0.827838
-0.782571
-0.469375
0.14589
0.597322
0.516406
0.154999
0.10877
0.46851
0.625788
0.135341
-0.487378
-0.302641
0.804659
1.76464
1.51639
0.190181
-1.09355
-1.47817
-1.09644
-0.609253
-0.390485
-0.27315
-0.00701354
0.334909
0.457143
0.21604
-0.155881
-0.275128
0.0415831
0.597886
1.00281
1.01335
0.707151
0.340306
0.0467961
-0.256043
-0.670881
-1.05006
-1.07909
-0.682083
-0.204005
-0.136707
-0.589816
-1.1672
-1.45117
-1.38543
-1.10519
-0.598636
0.233064
1.09839
1.38472
0.812846
-0.170813
-0.861217
-1.02283
-0.867111
-0.575119
-0.148366
0.240934
0.23925
-0.206785
-0.677717
-0.764671
-0.54444
-0.280596
0.0978604
0.744111
1.29217
1.07071
0.138253
-0.437553
0.167292
1.32303
1.63652
0.74274
-0.271175
-0.34506
0.240373
0.499255
0.279316
0.328168
0.959152
1.42301
0.96255
-0.0296573
-0.489099
-0.0762214
0.527576
0.683671
0.555375
0.547766
0.545608
0.209089
-0.218367
-0.0598355
0.685584
1.03521
0.246693
-1.01968
-1.39425
-0.493315
0.605386
0.713091
-0.0251715
-0.443553
0.0699236
0.917288
1.17212
0.694455
0.107951
-0.0875834
-0.0157046
-0.00760039
-0.138957
-0.287252
-0.396883
-0.52112
-0.67851
-0.73619
-0.511997
-0.00910615
0.492857
0.58357
0.158489
-0.429549
-0.740661
-0.702997
-0.600079
-0.556343
-0.34121
0.199957
0.662207
0.469575
-0.324592
-0.966002
-0.844407
-0.139409
0.482732
0.632321
0.43802
0.216229
0.13886
0.264943
0.534326
0.661589
0.326207
-0.367681
-0.777072
-0.3419
0.619885
1.16744
0.848973
0.251314
0.184754
0.591931
0.583143
-0.308782
-1.36847
-1.46793
-0.444387
0.615382
0.592252
-0.410845
-1.25042
-1.08315
-0.248663
0.244455
-0.0649826
-0.625227
-0.657063
-0.206258
-0.00301439
-0.34606
-0.631657
-0.158137
0.856886
1.45383
1.03149
-0.0517399
-0.987017
-1.32657
-1.1867
-0.885767
-0.602008
-0.368835
-0.228744
-0.239485
-0.438693
-0.715527
-0.755917
-0.268181
0.542917
1.06085
0.913051
0.516792
0.596088
1.22428
1.67103
1.30443
0.378287
-0.32503
-0.381794
-0.0397253
0.28404
0.46675
0.594064
0.645813
0.533493
0.319208
0.121698
-0.0659988
-0.348198
-0.711777
-0.962364
-0.909044
-0.513297
0.163332
0.972941
1.58536
1.67373
1.27871
0.849612
0.743822
0.745436
0.499607
0.17782
0.331738
0.9768
1.36155
0.886308
-0.0380506
-0.5074
-0.24659
0.195947
0.35388
0.368692
0.548779
0.818165
0.869582
0.665742
0.439743
0.292559
0.107636
-0.141694
-0.316912
-0.342916
-0.257311
-0.107058
0.0716927
0.204292
0.223394
0.198672
0.176455
0.0195807
-0.418365
-0.873355
-0.852895
-0.365924
-0.0289044
-0.250884
-0.555819
-0.271974
0.381351
0.509592
-0.142172
-0.721015
-0.45728
0.210406
0.307456
-0.273499
-0.743375
-0.706965
-0.71012
-1.19465
-1.57333
-0.943656
0.493158
1.39505
0.841121
-0.588571
-1.50457
-1.21532
-0.241555
0.464442
0.508195
0.256979
0.217769
0.483365
0.721175
0.617939
0.239814
-0.042462
0.0470279
0.376467
0.575259
0.438615
0.0871053
-0.239628
-0.379318
-0.26843
0.0420269
0.363256
0.459135
0.27305
0.0265942
-0.0600187
-0.103571
-0.387834
-0.898423
-1.26542
-1.2247
-0.930803
-0.626701
-0.20199
0.534292
1.20134
1.04707
-0.0197209
-1.01995
-0.900974
0.194902
1.09232
0.924768
0.018553
-0.614346
-0.408222
0.329084
0.852786
0.655494
-0.104304
-0.75352
-0.768349
-0.351819
-0.159116
-0.433065
-0.690708
-0.476858
-0.105655
-0.217337
-0.787317
-1.08501
-0.662525
0.0293796
0.284744
0.069311
-0.0885252
0.0521865
0.143454
-0.136549
-0.569405
-0.710188
-0.512779
-0.330449
-0.375705
-0.46166
-0.321415
0.0296429
0.414721
0.727267
0.945474
0.988059
0.781955
0.494678
0.420767
0.580441
0.614194
0.232684
-0.350411
-0.639801
-0.426077
-0.0419782
0.0342547
-0.351439
-0.979817
-1.40178
-1.24831
-0.524006
0.303698
0.566783
0.0258098
-0.837225
-1.29879
-1.16683
-0.878261
-0.787598
-0.729285
-0.387302
0.131382
0.362726
0.0835499
-0.402634
-0.588823
-0.299458
0.185604
0.451787
0.37511
0.213967
0.282631
0.62462
0.952903
0.988629
0.741059
0.509933
0.563456
0.836054
0.978586
0.662946
-0.0734132
-0.788041
-1.03123
